version https://git-lfs.github.com/spec/v1
oid sha256:c9843ea60f311e0e5f03160a3c98c8ebe07c3d0829145f53d8ec5053029cba9f
size 28629
