version https://git-lfs.github.com/spec/v1
oid sha256:a3a365628c54b56de6fc7b25f0af4133897a11e70bebabdde5cf055602bcfb11
size 38638
